Country	City 	Jan 	Feb 	Mar 	Apr 	May 	Jun 	Jul 	Aug 	Sep 	Oct 	Nov 	Dec 	Year 	Ref.
Afghanistan 	Kabul 	177.2 	178.6 	204.5 	232.5 	310.3 	353.4 	356.8 	339.7 	303.9 	282.6 	253.2 	182.4 	3,175.1 	?
Azerbaijan 	Baku 	89.9 	89.0 	124.0 	195.0 	257.3 	294.0 	313.1 	282.1 	222.0 	145.7 	93.0 	102.3 	2,207.4 	?
Bangladesh 	Dhaka 	279 	226 	217 	180 	155 	90 	62 	62 	90 	186 	240 	279 	2,066 	?
China 	Beijing 	194.1 	194.7 	231.8 	251.9 	283.4 	261.4 	212.4 	220.9 	232.1 	222.1 	185.3 	180.7 	2,670.8 	?
China 	Chongqing 	20.6 	29.7 	64.9 	93.6 	109.4 	97.7 	158.6 	167.0 	106.6 	50.4 	35.9 	20.4 	954.8 	?
China 	Lhasa 	250.9 	226.7 	246.1 	248.9 	276.6 	257.3 	227.4 	219.6 	229.0 	281.7 	267.4 	258.6 	2,990.2 	[75]
China 	Shanghai 	114.3 	119.9 	128.5 	148.5 	169.8 	130.9 	190.8 	185.7 	167.5 	161.4 	131.1 	127.4 	1,775.8 	?
China 	Ürümqi 	101.6 	128.8 	180.5 	248.0 	283.3 	282.7 	298.7 	301.0 	262.6 	224.4 	127.4 	84.3 	2,523.3 	[76]
Hong Kong 	Hong Kong 	143.0 	94.2 	90.8 	101.7 	140.4 	146.1 	212.0 	188.9 	172.3 	193.9 	180.1 	172.2 	1,835.6 	[77]
India 	Delhi 	214.6 	216.1 	239.1 	261.0 	263.1 	196.5 	165.9 	177.0 	219.0 	269.3 	247.2 	215.8 	2,684.6 	[78]
India 	Kolkata 	203.9 	201.2 	225.8 	235.4 	227.1 	123.1 	93.1 	104.9 	116.2 	182.6 	190.8 	203.4 	2,107.5 	[79]
India 	Mumbai 	269.5 	257.6 	274.3 	283.7 	296.2 	148.6 	73.4 	75.9 	165.1 	240.2 	245.8 	253.2 	2,583.5 	[80]
India 	Bangalore 	262.0 	248.0 	271.0 	257.0 	241.0 	137.0 	112.0 	114.0 	144.0 	173.0 	190.0 	212.0 	2,361.0 	[81]
Indonesia 	Jakarta 	189.1 	180.8 	238.7 	255.0 	260.4 	255.0 	282.1 	294.5 	300.7 	279.0 	231.0 	217.0 	2,983.3 	[82]
Iran 	Tehran 	137.2 	151.1 	186.0 	219.1 	279.8 	328.7 	336.6 	336.8 	300.5 	246.8 	169.4 	134.1 	2,826.1 	[83]
Iraq 	Baghdad 	192.2 	203.3 	244.9 	255.0 	300.7 	348.0 	347.2 	353.4 	315.0 	272.8 	213.0 	195.3 	3,240.8 	?
Israel 	Tel Aviv 	192.2 	200.1 	235.6 	270.0 	328.6 	357.0 	368.9 	356.5 	300.0 	279.0 	234.0 	189.1 	3,311.0 	?
Japan 	Sapporo 	92.5 	104.0 	146.6 	176.5 	198.4 	187.8 	164.9 	171.0 	160.5 	152.3 	100.0 	85.9 	1,740.4 	[84]
Japan 	Tokyo 	184.5 	165.8 	163.1 	176.9 	167.8 	125.4 	146.4 	169.0 	120.9 	131.0 	147.9 	178.0 	1,876.7 	?
Kazakhstan 	Almaty 	118 	119 	147 	194 	241 	280 	306 	294 	245 	184 	127 	101 	2,356 	[85]
Kazakhstan 	Astana 	103 	147 	192 	238 	301 	336 	336 	294 	230 	136 	100 	94 	2,507 	[86]
Macau 	Macau 	127.4 	79.4 	71.5 	85.3 	136.4 	155.3 	223.2 	195.4 	176.5 	192.3 	172.2 	159.1 	1,773.9 	[87]
Mongolia 	Ulaanbaatar 	179.1 	204.8 	265.2 	262.5 	299.3 	269.0 	249.3 	258.3 	245.7 	227.5 	177.4 	156.4 	2,791.5 	[88]
North Korea 	Pyongyang 	184 	197 	231 	237 	263 	229 	181 	204 	222 	214 	165 	165 	2,492 	?
Oman 	Muscat 	268.6 	244.8 	278.3 	292.5 	347.4 	325.7 	277.7 	278.6 	303.9 	316.9 	291.9 	267.0 	3,493.3 	[89]
Pakistan 	Karachi 	270.7 	249.4 	271.6 	277.4 	299.1 	231.8 	155.0 	147.7 	218.8 	283.5 	273.3 	272.0 	2,950.3 	?
Pakistan 	Lahore 	218.8 	215.0 	245.8 	276.6 	308.3 	269.0 	227.5 	234.9 	265.6 	290.0 	259.6 	222.9 	3,034.0 	?
Philippines 	Manila 	176.7 	197.8 	225.8 	258.0 	222.7 	162.0 	132.8 	132.8 	132.0 	157.6 	153.0 	151.9 	2,103.1 	?
Russia 	Dikson 	0.0 	22.6 	127.1 	237.0 	189.1 	141.0 	223.2 	139.5 	60.0 	24.8 	0.0 	0.0 	1,164.3 	[90]
Russia 	Irkutsk 	93 	149 	207 	223 	266 	264 	243 	218 	182 	152 	93 	62 	2,142 	[91]
Russia 	Omsk 	68 	125 	184 	235 	284 	319 	321 	248 	180 	105 	71 	61 	2,201 	[92]
Russia 	Petropavlovsk-Kamchatsky 	105.4 	115.8 	176.7 	192.0 	192.2 	192.0 	170.5 	176.7 	177.0 	158.1 	123.0 	93.0 	1,872.4 	[93]
Russia 	Vladivostok 	178 	184 	216 	192 	199 	130 	122 	149 	197 	205 	168 	156 	2,096 	[94]
Russia 	Yakutsk 	18.6 	98.0 	232.5 	273.0 	303.8 	333.0 	347.2 	272.8 	174.0 	105.4 	60.0 	9.3 	2,227.6 	[95]
Saudi Arabia 	Abha 	266.6 	265.6 	294.5 	282.0 	288.3 	276.0 	232.5 	238.7 	273.0 	291.4 	273.0 	266.6 	3,248.2 	[96]
Saudi Arabia 	Riyadh 	212.4 	226.6 	219.8 	242.3 	287.7 	328.2 	332.1 	309.2 	271.6 	311.4 	269.2 	214.3 	3,224.8 	[97]
Singapore 	Singapore 	172.4 	183.2 	192.7 	173.6 	179.8 	177.7 	187.9 	180.6 	156.2 	155.2 	129.6 	133.5 	2,022.4 	?
South Korea 	Busan 	199.0 	182.5 	193.0 	210.0 	221.7 	179.7 	165.8 	200.9 	167.2 	208.9 	194.4 	204.3 	2,327.3 	[98]
South Korea 	Seoul 	160.3 	163.3 	189.0 	205.0 	213.0 	182.0 	120.0 	152.5 	176.2 	198.8 	153.2 	152.6 	2,066.0 	[99]
Taiwan 	Kaohsiung 	174.7 	165.8 	187.0 	189.1 	198.5 	199.9 	221.4 	193.7 	175.7 	182.4 	162.2 	161.8 	2,212.2 	?
Taiwan 	Taichung 	176.6 	140.6 	149.9 	137.8 	158.7 	160.1 	199.6 	178.7 	175.8 	203.7 	179.4 	182.3 	2,043.2 	?
Taiwan 	Taipei 	80.6 	71.3 	89.6 	92.6 	113.7 	121.7 	179.0 	188.9 	153.7 	124.0 	99.4 	90.7 	1,405.2 	?
Thailand 	Bangkok 	272.5 	249.9 	269.0 	256.7 	216.4 	178.0 	171.8 	160.3 	154.9 	198.1 	234.2 	262.0 	2,623.8 	[100]
Thailand 	Chiang Mai 	272.8 	257.1 	294.5 	279.0 	198.4 	156.0 	120.9 	117.8 	144.0 	201.5 	216.0 	254.2 	2,512.2 	[101]
Thailand 	Hat Yai 	182.9 	166.7 	186.0 	144.0 	114.7 	111.0 	114.7 	114.7 	108.0 	111.6 	105.0 	108.5 	1,567.8 	[101]
Thailand 	Nakhon Ratchasima 	226.3 	211.9 	201.5 	186.0 	155.0 	114.0 	117.8 	117.8 	108.0 	145.7 	186.0 	226.3 	1,996.3 	[101]
Turkey 	Ankara 	77.5 	98.9 	161.2 	189.0 	260.4 	306.0 	350.3 	328.6 	276.0 	198.4 	132.0 	71.3 	2,449.6 	?
United Arab Emirates 	Dubai 	254.2 	229.6 	254.2 	294.0 	344.1 	342.0 	322.4 	316.2 	309.0 	303.8 	285.0 	254.2 	3,508.7 	?
Uzbekistan 	Tashkent 	117.8 	127.1 	164.3 	216.0 	303.8 	363.0 	384.4 	365.8 	300.0 	226.3 	150.0 	105.4 	2,823.9 	[102]
Vietnam 	Da Lat 	255 	234 	255 	202 	190 	147 	157 	136 	133 	140 	172 	215 	2,238 	[103]
Vietnam 	Da Nang 	139 	145 	188 	209 	246 	239 	253 	218 	176 	145 	120 	103 	2,182 	[103]
Vietnam 	Hanoi 	74 	47 	47 	90 	183 	172 	195 	174 	176 	167 	137 	124 	1,585 	[103]
Vietnam 	Ho Chi Minh City 	245 	246 	272 	239 	195 	171 	180 	172 	162 	182 	200 	226 	2,489 	[103]
